-8.120086406025572856e-01
-9.717406125115717330e-01
2.282403270807460416e-01
1.920837509142943045e-01
3.229002883010312352e-01
6.632741262719425990e-01
2.160124606945643677e-01
9.759378121849673349e-01
8.008192122957726866e-01
-5.166639223563431749e-01
-7.369320364212450514e-03
-5.791248578452370399e-01
-3.311173506956275325e-01
5.167173355807173074e-01
6.062746411518973311e-01
-8.255182075115765628e-01
1.034983017416517548e-01
2.468396207934711040e-01
5.907873506463998670e-01
7.339320912805584740e-01
-6.334140688573060007e-01
-4.862283869644568046e-01
-3.555098410205326243e-01
9.163744276625473972e-01
-6.755249852659575005e-01
7.473495295372853953e-01
2.365521987473220289e-01
-9.460630370813682966e-02
-2.157661247266084992e-02
6.370865340002904720e-01
1.988165784087616572e-01
-5.835221994940600343e-01
4.926405058641667445e-01
8.146820557095135751e-01
9.252787275133411704e-01
6.080315179791322411e-01
-2.949489905717341820e-01
4.696233445215396429e-01
8.119990884361274475e-01
4.653629797426888093e-01
4.172973937711328407e-01
-7.357945869268123218e-02
1.182620758123080762e-01
1.136703570794752594e-01
3.925024075409626612e-01
-9.861964349143104158e-02
4.637862177606424385e-01
5.537114662299058576e-01
4.138991812147654326e-01
7.042781600955598797e-01
